$ANSIBLE_VAULT;1.1;AES256
33376636646434353139623836653234343839366666306633656134656430623530353564393966
3733653236353963313131393130393761386632366332620a353634626261316539393664373630
63353432333535323862353734346163653936323333636431653765326262343831356632666139
3030646334393061330a366434626435366163616434353537633665633535313034313135666239
39356634393364656137653363653637316333383631623339353734643035356530376333633930
63636562303637626338646333383731613433656266356632613438373066313334383666366130
31646136663230336430643038646163366132356531643832383761323634353836353466633633
32336163343233633837626334623035353461393235313736633438346431646335346137303637
30636233316564643361636135363438383261386665313236613261356336633538366139356536
39666362306261663238653664346330623262636365366136323733323263356334623930646561
63313832396138643035643966613661613464323637346262656663313431313633306336353632
36366330356562646561616638616538363330363733386234366335376432366633386236376530
36326164366139623764353339316239353235633066663465346661363639623537363639623937
63303766626136623130626432303835616638373939343737646434613936393837393334636563
62386333303835393134373938306139663736316536316435356663333536636665323435393531
64373365336136396563316261623932653034653235353165663739646632643539653564386332
63333730373866306332666364383632373238646264366565303031623530633437313032376465
61356633623431653666373137316661336439396563386564343430383062356337666236656337
62326638376361636663313536306337626433373737303562396161383132383532333638613034
65353031643562646463323136646332376663303964333465353866306464616432333562313065
61353739343639393035303963313032396632633230323963313963323730323961613832633565
33303036393336636238393239623939323962326635343766623536353435303637653434333431
39616331386430373065306138373834396466626532633930303932356362393266336663666437
63666462306237323833343633623361363232333332303661353764346139313034326263633562
31343062666365353036646364306165393638303630313863643166313266333537393566343865
32363061393961636631393364613263393432323434626135306130663639353939633765393130
36323039373238633336336565636361346436316666326637343465393431303931343831366662
66626661313232663061663463646534623361643035383935323362366138346233396233653262
30656661323462353761666530313433386133393433633033643161396463666130633437306137
37383935333964303532613063363637626631346263323361396537393365346530346332346637
36373264623230306331393364313765313636386231333162316434336432613237616661353231
39636262333565356638656564346234623561646630656165383736646664303138376133306634
64666363326530633165633832643565393164336132376665633765333235643462653963323630
64313937653139313436356233633437316636396138633863363733613532356164326633333535
36393163636339353538336566623432343262613230343738326263373737363030663732356634
34306164353631336666373233623865346531336365373866386430653661623131393634306634
61343131303564353862623631633334616332346632376464663265626132303861383736386237
35353461353839663638323335383566363763643137663636376336383666323339613530623036
64616438353063333034666165636161626238346266373866323136383035373032616234356539
32343735343537353131653031633831396566663436303361396439336131633232616437363233
31323464323666343438633962653439653836656464333762393266373066313736373366313265
32326637333836323631323932633463393338393765333135656335623436303933616263303233
63656466616337383763383737353939386130643766306535363530313633316335633639623930
35306562333139373236393661393530646463383635323238313462663534313239646633346430
34383763633139386230613030306462633966316232663433366538326430616139313937333561
38633861353132323532353061663433303632643462666664643732316262656430356566376635
66666236356136633437326530663034306438646135353063356166663762356339666339343964
34393064646439323131353030323337323664393261353534656165326539663938373963396463
65336261306137376563303636343964626363363034633835326437376539646237363236303338
32366564626362386131333032376536656331393164373332343266376165363161653462646537
33303132333532353535306566623563323763633932373638633766633232646539373561653262
64616137656633373634363262306233663235663532636231376461626364643837623461326637
62623937623838333034383461303138663261333939663164353631646332306562373665383866
35396164386563653366363639396232663063383334366131626332376239643565663261643862
65353934383934313931346238396637303862616636643262646465623734613430646232616134
32643136326134613864366163633165343036636331356636663463343637343763363262303033
30396661386563373536333261646366333766626166356333626239343834316632363933303435
38333336356333613731633461343939336334623665383136396564356333303133646364346363
36333265363035623438353030306630336133323733376334353861636630623239373934633534
30653233643433666164306632393831306134663436323665666432343931326531393066613362
61666366386330653166323866333734353864343462666463303863636364396565663565363236
65613537336534313534306534616232643866333237393238303732616635383036663163626238
30346664643930396535633336626237346230623962353131323033396638353034646234303138
35663738643665376261333662303031613330373639383139386638346563353864613630636330
30366466633831336361663961626161353939356462303463386239336338353732326635396565
64396633353961373663646537376661636436333437303737623933666130653165393237633564
33336532666461333232613434373030616635356361646132373333306265333534643632633466
64353761633461313862663638363535353263343165656132626239636134636434633333653037
64393931346136393937623163343763633231303164393031386562343230663832313730373139
34356438343935646463323865323062383933663338666339353030393464643463303834383234
61353333386133613035373531376663653539663534613666356436616264616162306463353466
36636464643037343035376336626164326366373135626365373066346336333934303065393930
39336661616561323635373364323931396262656233373931666438346234323661626561656536
39636430663836303965666639653665356131653562396338316566653330626633396232653034
35353661316639373233656233623966316162623763333130336436373361343239663461366166
34366332616665363739626537636664393331393932383533383935616432626166366165656333
66356630616464346433313264383037333763346332343233626330666565313366316132653261
36643966323738653432613032363338343538613661333731346664666438353362393531663836
65623962303761646132336534633937636136633064393238333332643830636563333963366362
32323639376531653866343735346362383533383465346230333931373563643738306566306139
33383131333933363031653931653639363134306137353863636131323936326136333232386134
39333566646438366565633138393861333530636638646136353562633966623839363638313765
33663430616562306461633132326265643565643864376330343936363162656430373932363234
35316663303234303233616530656134613563393261336138363439663133333135623034663763
31343361353131646261653131346335616337323431633964323331366531643438656664373762
63383634313532396337323362666638353833643162326463343966363434356466333264386561
62316239636566386462393163623539343230383633313936633062616562316333386564383139
64316136353266653738626137373234306262323335616362633330356365383437643837303236
35653430306134613732376361646666336166383361383636663936323839316230373433303937
32656664643331303063666530366137373862613930613863656631393362623262306265373436
39383062623261623435366438306564383930643362313731633330396435306230616233663764
37386366656637303336303534616535663462396363643735643232303063386464653266633264
62643631663032663762306634366534363163656634626365643032363437373163343532636638
66633164666535636561616336313039376135373064333938313565336164353764326362626435
36663739623632306230353432623362336161626637313061383533366533663563653265356563
66313734343365373931373634343230643431633261633239613236663565656132643633373262
66653464386461313534323965663337373637353265643133306465333335653733666532613539
31636161396234396535343439653966353762356665323966656361353034623930653162366461
66626133303461383037636266646466323534376432366331326433333930303163386530666636
64383133646138323536363031336533333965336634326333666536636138323438333564303630
63353161643136303436663839653236316139643764656632643837616164616230373261353931
34313835643931353039633839363264313038343062663935653164393938363834653666373235
32646262393135303733363363303731353736393830643638636138373433313665353730636638
61343439663337666261363533616632396663363165326166663037636266636230303935343066
66346535326463643061393034303836306666353338393038353432313932333630636338353238
33323639336536353130646539323566393130373939353366303466383837646138353961633164
37656232633366646338616537373138376335363238633139373962373339353737336438363762
36643837333561396163643735306331343430353564333234393462346365333663653631336137
62336265323835613761383731313964383634363265626163613136343833626431626436616233
32393264373066643330333639386262346333643738356661333731313861343362373863396264
61396562616134666437633631666139356237626532633930396632353563643562323937663162
36353832383935373533323438643635653736313565346364353663646466373666643366323931
32633861333366373133633763353138326566376138373438646263613264663330333863643064
62626335653065633039636566303663306234333435323937306639623966313461636364613932
35336330396239653762336139613264356636646363396632343434393337646236613966386266
63613632303832383435393366643466396462326465356233303239383935363961616636653838
37343438333462643437323333363462386262663666623962303739323863346336636338663937
34306166303730366164356534316161653962626237393161623133386434306565656533616363
37613164633061373161346637646166383863633062343762343061346139336539376230613966
36643233623262396438643039313439366363666133343838643336383963653332666639303734
39643739326338326537363739616362663831653136393836386462623063373363313631613661
66643365333536303863376564303530363066313232306436623434633962663637353739333564
36616565363663303639326265373061383661316336393530386530386638323064323137306331
37643134356635343063336633613939393832393863316366386332356465306563386638316638
62633464373265393635663238623063366262363362636463383030373061633239303933633163
33663333623636626365623436386461383933326136303232623661336439666137633134333164
36646532303631363935613766353266313366613137356637346138323665656530316162323334
30306638343064643233656233663566616633616661643830333632646535646164363732636235
66636539303463393031663637376138646530386339386339386333393763343632336131316563
37353134356539626633613764353337623237353766636465396564363065323531656365616562
39376661336364633530313138346635646439613233633261376661333965333439366639396365
38373732653334363061653039653264333466323462663535323334656638353435353262383239
62626531343439616230643361653930356661353337356263383663653963613937616632613862
65303863653138326237386363366138383938666637663232373735356666366534336632366563
62386266613861356339623636613939353165326638376436626432633563333935623035333263
33643664663335373161353465613235386539363939386535353638396534646636653735353666
62353531643863306463633366303139313031303762653539386262393237323466373962656637
66373039633935373231383032663139383266333835306562326435333763646366336631393139
65653030616533306332666161323132303866333630346162313632343334323930663331373431
31646335633066393865363064383366396333663763376438633737656564336466366364366232
64303738656463303832636465626561313538643030353637636663333730336430646361303634
35353431313538336266363138356532333739656162656131383032666131373038613235663539
62303731336462303965633231653266386137333366333034633339336239613730363037333463
36633437646163306232343061396636653430336363323435346331366335653762383962333263
37303035653263326263633935666261616535633235343232636332373266333333366563616138
31663532373533633331646266386130346630386538356231626432363265376236653336323466
35643030356133336439623434333765386665323137623130366366393138613333393535613932
33653462366163663938326364363930646135313961363765373137663831356535306535363536
35613336346639343338306437633163663732303533383336303562386265396537626232663235
62306538306265666163353031356139653565646333353236666530323636393639633562633365
62613432633339653433663363336637346462653033336634326662383739303230656663316335
63366437353465646239626461383035646661316331376439356561666233303131613461333833
63303837623966323162653564333532303732356238633665353439396336643062383364323437
36353562313765313964353535363438323232316336633465666462663138313565393961376664
37383832356337666135343030393533396565613130366433333466383631653466666531643539
34373931356365353737303966313632646561383330353762326530356230386331343764323836
33626263346131643133313336633635623163623830656436326138336665343236326234633539
65633638633932656665613738616338356466366462613836316330626531626138396536626362
65376362386464303464383239396534323233346464623030643630666139626130383538623532
32623934656631356261666530363564633531616230366639656463633163366330653563616636
35663930626130363366303734323535626561333737326234626238643832363561376534393130
61383063633962623139333533383931346364383731666361623162646362373965343561623230
35393231323135363632666466613535653333353461393832356331383739333963343332663965
39643235346662383832373331373039353535393564303931663139643032613738636439343330
62313532623836663431346135303237396438383739633734373135323064343832383264643536
31613734306431653465666638343035653964623963353064653236626331373862373430616435
65636230336138333465366365623764383865666662613837316230633036333661623539353739
62623861633833353562633431333234333862333930653261636530626264373766656232373461
66386435623734313032353263383435383330333466613531346532653961376337666538366130
30636362383237646135303165373931646661333566626137356161316635653536316634313431
32633239643837333462653264323237386465336631346163383033663034613834633238393139
35373832363366333562363036626530326461313239383935333638363831346333376162636366
61346266656264336533363765643166366437623133393237623635633532353733376138666336
6166373130383063626266343136353236393835303236643032
